-2.576002
-2.162907
-2.387634
-2.483416
-2.643328
-2.711128
-2.836248
-2.94236
-3.053537
-3.201407
-3.263779
-3.379951
-3.481598
-3.585636
-3.687861
-3.827382
-3.88262
-3.996236
-4.084082
-4.181938
-4.277991
-4.408
-4.457833
-4.556866
-4.645471
-4.734843
-4.822733
-4.947462
-4.989927
-5.083369
-5.165277
-5.251998
-5.329393
-5.451912
-5.524401
-5.641001
-5.67372
-5.75896
-5.832611
-5.907182
-5.980609
-6.094813
-6.120417
-6.200437
-6.268421
-6.337794
-6.407682
-6.509252
-6.534403
-6.608361
-6.671498
-6.735854
-6.835445
-6.85621
-6.926897
-6.985954
-7.047054
-7.105655
-7.200356
-7.217164
-7.282649
-7.337456
-7.394698
-7.448392
-7.538685
-7.551631
-7.612911
-7.663651
-7.715744
-7.766794
-7.853611
-7.862573
-7.919814
-7.966343
-8.014773
-8.06211
-8.144028
-8.151185
-8.204512
-8.247232
-8.292765
-8.336397
-8.41623
-8.417214
-8.46802
-8.508158
-8.549816
-8.625203
-8.62586
-8.673639
-8.711322
-8.750965
-8.788615
-8.861327
-8.858947
-8.9196
-8.951066
-8.987881
-9.024146
-9.05786
-9.093488
-9.161404
-9.155328
-9.196589
-9.2278
-9.260553
-9.293624
-9.35787
-9.35104
-9.389689
-9.419533
-9.448623
-9.512372
-9.502896
-9.540426
-9.566527
-9.595735
-9.622962
-9.684633
-9.673065
-9.707567
-9.732539
-9.75904
-9.785432
-9.844314
-9.830706
-9.863431
-9.886443
-9.911963
-9.934786
-9.992165
-9.977818
-10.00791
-10.0293
-10.05237
-10.07423
-10.12962
-10.11314
-10.14224
-10.16184
-10.18303
-10.2036
-10.2572
-10.23929
-10.26684
-10.28554
-10.30441
-10.35677
-10.33807
-10.36419
-10.3808
-10.39949
-10.41794
-10.4678
-10.44766
-10.47301
-10.48841
-10.50515
-10.52182
-10.5712
-10.54972
-10.57339
-10.58761
-10.60406
-10.61882
-10.66752
-10.64617
-10.66833
-10.68156
-10.69677
-10.71038
-10.75741
-10.73408
-10.75502
-10.76714
-10.78084
-10.79407
-10.8398
-10.81528
-10.83555
-10.84661
-10.85934
-10.87154
-10.91633
-10.89091
-10.9103
-10.92037
-10.9322
-10.94381
-10.98722
-10.96109
-10.97952
-10.98897
-10.99985
-11.01023
-11.05323
-11.02623
-11.04417
-11.05229
-11.06281
-11.10486
-11.07729
-11.09459
-11.10234
-11.1119
-11.12064
-11.1622
-11.13451
-11.15012
-11.15744
-11.16644
-11.17468
-11.21549
-11.18669
-11.20229
-11.20883
-11.21727
-11.22499
-11.26507
-11.23558
-11.2506
-11.25656
-11.2642
-11.27141
-11.3109
-11.28114
-11.29554
-11.30088
-11.30822
-11.34675
-11.31652
-11.3305
-11.33546
-11.34214
-11.34853
-11.38695
-11.35608
-11.36959
-11.37407
-11.38027
-11.38604
-11.42402
-11.39284
-11.40587
-11.41012
-11.41584
-11.42118
-11.45869
-11.42711
-11.43992
-11.44346
-11.44865
-11.45361
-11.49069
-11.45882
-11.47092
-11.47418
-11.47914
-11.48369
-11.52038
-11.48835
-11.49994
-11.50284
-11.50738
-11.51162
-11.54791
-11.51531
-11.52681
-11.52935
-11.53371
-11.56954
-11.53699
-11.54815
-11.55044
-11.55459
-11.55806
-11.56173
-11.59737
-11.56422
-11.57514
-11.57703
-11.58074
-11.61608
-11.58272
-11.59336
-11.59508
-11.59856
-11.60212
-11.60512
-11.64021
-11.60664
-11.61689
-11.61838
-11.62154
-11.62432
-11.65912
-11.62527
-11.63538
-11.63694
-11.63982
-11.6424
-11.67698
-11.64292
-11.65281
-11.6538
-11.65657
-11.659
-11.69318
-11.65897
-11.66865
-11.66945
-11.672
-11.6742
-11.7083
-11.6739
-11.68342
-11.68408
-11.68637
-11.68851
-11.72219
-11.68768
-11.69703
-11.69746
-11.69969
-11.73343
-11.69872
-11.70794
-11.70823
-11.71029
-11.71205
-11.74557
-11.71076
-11.71979
-11.72
-11.72233
-11.7239
-11.72553
-11.7589
-11.72394
-11.7328
-11.73282
-11.73457
-11.73597
-11.76943
-11.73426
-11.74301
-11.74289
-11.74453
-11.74587
-11.77892
-11.74374
-11.75235
-11.75211
-11.75364
-11.7548
-11.7879
-11.75258
-11.76109
-11.76075
-11.76218
-11.76322
-11.79622
-11.7608
-11.76923
-11.76878
-11.7701
-11.8029
-11.76743
-11.77575
-11.77522
-11.77647
-11.77736
-11.81015
-11.77457
-11.78281
-11.78219
-11.78335
-11.78414
-11.81685
-11.7812
-11.78935
-11.78868
-11.78975
-11.79047
-11.8231
-11.78738
-11.79545
-11.7947
-11.79569
-11.79632
-11.82889
-11.79311
-11.80108
-11.80025
-11.80118
-11.80185
-11.83431
-11.79847
-11.8064
-11.80553
-11.80636
-11.80687
-11.83929
-11.80339
-11.81126
-11.81027
-11.81109
-11.81153
-11.84396
-11.80798
-11.8158
-11.81479
-11.81554
-11.81593
-11.84825
-11.81225
-11.82001
-11.81894
-11.81964
-11.81999
-11.8204
-11.85261
-11.81656
-11.82427
-11.82316
-11.82379
-11.85592
-11.81983
-11.82751
-11.82634
-11.82696
-11.82729
-11.82761
-11.85959
-11.82349
-11.8311
-11.8299
-11.83047
-11.83067
-11.86276
-11.82658
-11.83414
-11.8329
-11.83343
-11.8336
-11.86571
-11.8295
-11.83704
-11.83577
-11.83626
-11.8364
-11.86835
-11.83213
-11.83964
-11.83833
-11.83879
-11.83889
-11.87089
-11.83462
-11.8421
-11.84076
-11.84119
-11.84127
-11.87323
-11.83694
-11.8444
-11.84302
-11.84343
-11.84348
-11.87538
-11.83907
-11.8465
-11.8451
-11.84548
-11.84552
-11.87742
-11.84108
-11.84848
-11.84706
-11.84742
-11.84741
-11.87929
-11.84293
-11.85032
-11.84887
-11.84921
-11.84918
-11.88103
-11.84465
-11.85201
-11.85054
-11.85086
-11.85081
-11.88268
-11.84628
-11.85361
-11.85213
-11.85242
-11.85236
-11.88417
-11.84775
-11.85507
-11.85357
-11.85384
-11.88557
-11.84915
-11.85645
-11.85493
-11.85519
-11.85509
-11.88684
-11.8504
-11.85768
-11.85615
-11.85639
-11.85628
-11.88804
-11.85157
-11.85884
-11.85729
-11.85752
-11.85739
-11.88921
-11.85274
-11.85999
-11.85843
-11.85865
-11.8585
-11.89021
-11.85373
-11.86097
-11.85939
-11.8596
-11.85944
-11.89116
-11.85466
-11.86189
-11.86029
-11.86049
-11.89204
-11.85557
-11.86278
-11.86118
-11.86136
-11.86119
-11.89291
-11.85639
-11.8636
-11.862
-11.86217
-11.86198
-11.89367
-11.85715
-11.86435
-11.86273
-11.86289
-11.8627
-11.89439
-11.85786
-11.86505
-11.86342
-11.86357
-11.86337
-11.86316
-11.86303
-11.89468
-11.85815
-11.86534
-11.86371
-11.86386
-11.86366
-11.89532
-11.85878
-11.86596
-11.86432
-11.86446
-11.86425
-11.89596
-11.8594
-11.86657
-11.86493
-11.86506
-11.86484
-11.89648
-11.85991
-11.86707
-11.86543
-11.86556
-11.86533
-11.89701
-11.86045
-11.86761
-11.86594
-11.86607
-11.89761
-11.86106
-11.86821
-11.86654
-11.86666
-11.86642
-11.89805
-11.86147
-11.86862
-11.86695
-11.86706
-11.86681
-11.89844
-11.86186
-11.869
-11.86732
-11.86743
-11.86718
-11.8988
-11.86222
-11.86935
-11.86766
-11.86777
-11.86752
-11.89915
-11.86254
-11.86968
-11.868
-11.8681
-11.89963
-11.86305
-11.87018
-11.86849
-11.86858
-11.86831
-11.89992
-11.86332
-11.87044
-11.86874
-11.86884
-11.86857
-11.9002
-11.8636
-11.87072
-11.86902
-11.86911
-11.86884
-11.90044
-11.86383
-11.87094
-11.86924
-11.86932
-11.86904
-11.90061
-11.86401
-11.87112
-11.86942
-11.86949
-11.86922
-11.90087
-11.86428
-11.87139
-11.86968
-11.86976
-11.86948
-11.90107
-11.86446
-11.87157
-11.86986
-11.86993
-11.86966
-11.90123
-11.86463
-11.87173
-11.87002
-11.8701
-11.90161
-11.86501
-11.8721
-11.87038
-11.87046
-11.87016
-11.90168
-11.86508
-11.87217
-11.87046
-11.87053
-11.87024
-11.86998
-11.90156
-11.86493
-11.87204
-11.87032
-11.87039
-11.8701
-11.90168
-11.86506
-11.87216
-11.87043
-11.8705
-11.87021
-11.8699
-11.86969
-11.90125
-11.86464
-11.87175
-11.87004
-11.8701
-11.90157
-11.86497
-11.87207
-11.87036
-11.87043
-11.87014
-11.90172
-11.86511
-11.87221
-11.87048
-11.87056
-11.87026
-11.90175
-11.86514
-11.87224
-11.87053
-11.87059
-11.87029
-11.9019
-11.86528
-11.87237
-11.87066
-11.87072
-11.87043
-11.90208
-11.86548
-11.87256
-11.87086
-11.87092
-11.87062
-11.90215
-11.86553
-11.87263
-11.87091
-11.87097
-11.87068
-11.90225
-11.86563
-11.87272
-11.871
-11.87106
-11.87076
-11.90232
-11.86571
-11.8728
-11.87108
-11.87113
-11.90263
-11.86602
-11.8731
-11.87138
-11.87143
-11.87113
-11.90267
-11.86604
-11.87313
-11.87141
-11.87146
-11.87116
-11.90273
-11.86608
-11.87318
-11.87145
-11.8715
-11.87121
-11.90277
-11.86614
-11.87323
-11.87149
-11.87156
-11.87125
-11.90279
-11.86616
-11.87319
-11.87147
-11.87153
-11.87123
-11.871
-11.90256
-11.86593
-11.87302
-11.8713
-11.87135
-11.90285
-11.86623
-11.87331
-11.87159
-11.87164
-11.87134
-11.9029
-11.86626
-11.87335
-11.87162
-11.87168
-11.87136
-11.90282
-11.8662
-11.87328
-11.87156
-11.87161
-11.87131
-11.90287
-11.86625
-11.87333
-11.8716
-11.87166
-11.87136
-11.90292
-11.86629
-11.87337
-11.87164
-11.8717
-11.87137
-11.90294
-11.86629
-11.87339
-11.87165
-11.87171
-11.8714
-11.90297
-11.86634
-11.87342
-11.87169
-11.87174
-11.87144
-11.9032
-11.86652
-11.87361
-11.87188
-11.87193
-11.87162
-11.90317
-11.86654
-11.87362
-11.87189
-11.87194
-11.87163
-11.90314
-11.86651
-11.87359
-11.87186
-11.87191
-11.8716
-11.90317
-11.86653
-11.87361
-11.87187
-11.87193
-11.90341
-11.86679
-11.87387
-11.87214
-11.87218
-11.87187
-11.90349
-11.86687
-11.87394
-11.87221
-11.87226
-11.87195
-11.90353
-11.86689
-11.87397
-11.87223
-11.87227
-11.87196
-11.90347
-11.86684
-11.87392
-11.87217
-11.87223
-11.87192
-11.90353
-11.86691
-11.87398
-11.87225
-11.8723
-11.87198
-11.9035
-11.86687
-11.87394
-11.8722
-11.87226
-11.87193
-11.90343
-11.86678
-11.87387
-11.87213
-11.87218
-11.90366
-11.86701
-11.8741
-11.87236
-11.8724
-11.87209
-11.90369
-11.86705
-11.87405
-11.87228
-11.87224
-11.87188
-11.87161
-11.83869
-11.90674
-11.86276
-11.87136
-11.86936
-11.86951
-11.86922
-11.90081
-11.86421
-11.87132
-11.86961
-11.86968
-11.90114
-11.86456
-11.87166
-11.86995
-11.87003
-11.86975
-11.90134
-11.86473
-11.87183
-11.87012
-11.87019
-11.8699
-11.90146
-11.86484
-11.87195
-11.87023
-11.8703
-11.87002
-11.9016
-11.86497
-11.87208
-11.87036
-11.87043
-11.87015
-11.90173
-11.86511
-11.87221
-11.8705
-11.87056
-11.90207
-11.86546
-11.87255
-11.87084
-11.8709
-11.8706
-11.90213
-11.86552
-11.87261
-11.87089
-11.87095
-11.87066
-11.90222
-11.8656
-11.87261
-11.8709
-11.87096
-11.87067
-11.87045
-11.87022
-11.90179
-11.86517
-11.87227
-11.87055
-11.87062
-11.87033
-11.90191
-11.86529
-11.87239
-11.87067
-11.87074
-11.87045
-11.90202
-11.86538
-11.87248
-11.87076
-11.87082
-11.87053
-11.90219
-11.86557
-11.87267
-11.87094
-11.87101
-11.9025
-11.86589
-11.87298
-11.87126
-11.87131
-11.87102
-11.90259
-11.86595
-11.87304
-11.87132
-11.87138
-11.87106
-11.90254
-11.86593
-11.87301
-11.87129
-11.87135
-11.87105
-11.90262
-11.86599
-11.87307
-11.87136
-11.87141
-11.87112
-11.90269
-11.86606
-11.87315
-11.87141
-11.87148
-11.87117
-11.90271
-11.86609
-11.87317
-11.87145
-11.8715
-11.90299
-11.86637
-11.87345
-11.87173
-11.87178
-11.87147
-11.90304
-11.86638
-11.87347
-11.87174
-11.87179
-11.87149
-11.9031
-11.86647
-11.87354
-11.87183
-11.87188
-11.87157
-11.90312
-11.86647
-11.87356
-11.87183
-11.87187
-11.87157
-11.90313
-11.8665
-11.87358
-11.8718
-11.87186
-11.87155
-11.90311
-11.86648
-11.87356
-11.87183
-11.87188
-11.87158
-11.90316
-11.86652
-11.87361
-11.87188
-11.87192
-11.87162
-11.90317
-11.86654
-11.87362
-11.87189
-11.87194
-11.87164
-11.90341
-11.86664
-11.84105
-11.9076
-11.86391
-11.87244
-11.87043
-11.87055
-11.87026
-11.90186
-11.86524
-11.87234
-11.87062
-11.87069
-11.8704
-11.90202
-11.86539
-11.87249
-11.87077
-11.87083
-11.90231
-11.86564
-11.87274
-11.87102
-11.87108
-11.87078
-11.87055
-11.90206
-11.86545
-11.87254
-11.87083
-11.87089
-11.87058
-11.9021
-11.8655
-11.87259
-11.87087
-11.87093
-11.90243
-11.86582
-11.87291
-11.87118
-11.87124
-11.87094
-11.90259
-11.86597
-11.87306
-11.87133
-11.87138
-11.87109
-11.90266
-11.86602
-11.87311
-11.87139
-11.87144
-11.87114
-11.87086
-11.90243
-11.8658
-11.87289
-11.87117
-11.87123
-11.87088
-11.87066
-11.90223
-11.86561
-11.8727
-11.87099
-11.87105
-11.90254
-11.86593
-11.87302
-11.87129
-11.87135
-11.87105
-11.90266
-11.86604
-11.87313
-11.8714
-11.87146
-11.87107
-11.87087
-11.90242
-11.8658
-11.87289
-11.87116
-11.87123
-11.87093
-11.90248
-11.86586
-11.87294
-11.87122
-11.87128
-11.87098
-11.90255
-11.86583
-11.87292
-11.87117
-11.87121
-11.87092
-11.8707
-11.87046
-11.90203
-11.86541
-11.87247
-11.87076
-11.87082
-11.87053
-11.9021
-11.86548
-11.87256
-11.87084
-11.8709
-11.87061
-11.8704
-11.90196
-11.86532
-11.87242
-11.87071
-11.87077
-11.90227
-11.86567
-11.87276
-11.87104
-11.8711
-11.87081
-11.90243
-11.86581
-11.8729
-11.87118
-11.87124
-11.87094
-11.90249
-11.86587
-11.87296
-11.87122
-11.87129
-11.87099
-11.90252
-11.86589
-11.87298
-11.87126
-11.87132
-11.87102
-11.90263
-11.86601
-11.8731
-11.87138
-11.87143
-11.90292
-11.86631
-11.87339
-11.87166
-11.87171
-11.8713
-11.87109
-11.87084
-11.90234
-11.86573
-11.87282
-11.87109
-11.87116
-11.87085
-11.90242
-11.86581
-11.87289
-11.87116
-11.87123
-11.87092
-11.90239
-11.86578
-11.87287
-11.87115
-11.87121
-11.87091
-11.90248
-11.86586
-11.87295
-11.87122
-11.87127
-11.90275
-11.86615
-11.87323
-11.87151
-11.87155
-11.87126
-11.90287
-11.86625
-11.87334
-11.87157
-11.87162
-11.87131
-11.87109
-11.90264
-11.86602
-11.8731
-11.87138
-11.87143
-11.87113
-11.9027
-11.86607
-11.87314
-11.87142
-11.87147
-11.87118
-11.90284
-11.86623
-11.87331
-11.87157
-11.87164
-11.87134
-11.90289
-11.86627
-11.87335
-11.87162
-11.87167
-11.87137
-11.90293
-11.8663
-11.87338
-11.87166
-11.87171
-11.8714
-11.90296
-11.86633
-11.87342
-11.87169
-11.87174
-11.90321
-11.86657
-11.87366
-11.87193
-11.87197
-11.87166
-11.90319
-11.86656
-11.87364
-11.87191
-11.87189
-11.87159
-11.87136
-11.90286
-11.86621
-11.87331
-11.87158
-11.87162
-11.87133
-11.90295
-11.86634
-11.87342
-11.87168
-11.87173
-11.87143
-11.90303
-11.86639
-11.87347
-11.87174
-11.87179
-11.87149
-11.90309
-11.86646
-11.87354
-11.87181
-11.87181
-11.87151
-11.87128
-11.90283
-11.86621
-11.87329
-11.87154
-11.8716
-11.8713
-11.90293
-11.86631
-11.8734
-11.87167
-11.87172
-11.87142
-11.90298
-11.86633
-11.87342
-11.8717
-11.87175
-11.87144
-11.90301
-11.86623
-11.87334
-11.87162
-11.87167
-11.87136
-11.90287
-11.86613
-11.84082
-11.90744
-11.86373
-11.87226
-11.87026
-11.87039
-11.87009
-11.90171
-11.86509
-11.87219
-11.87048
-11.87055
-11.87025
-11.90181
-11.8652
-11.87229
-11.87058
-11.87065
-11.90215
-11.86554
-11.87263
-11.87091
-11.87096
-11.87068
-11.90225
-11.86563
-11.87272
-11.871
-11.87106
-11.87077
-11.90242
-11.86581
-11.8729
-11.87117
-11.87123
-11.87093
-11.9025
-11.86584
-11.87295
-11.87122
-11.87128
-11.87097
-11.90248
-11.86587
-11.87296
-11.87123
-11.87129
-11.87098
-11.90247
-11.86586
-11.87294
-11.87122
-11.87126
-11.9027
-11.86611
-11.87319
-11.87146
-11.87152
-11.87122
-11.90278
-11.86616
-11.87324
-11.87151
-11.87157
-11.87127
-11.90284
-11.86622
-11.8733
-11.87157
-11.87163
-11.87132
-11.90289
-11.86625
-11.87334
-11.87161
-11.87166
-11.87136
-11.90291
-11.8663
-11.87338
-11.87165
-11.8717
-11.90319
-11.86658
-11.87365
-11.87192
-11.87196
-11.87167
-11.90322
-11.86659
-11.87366
-11.87194
-11.87192
-11.87163
-11.87139
-11.90289
-11.86626
-11.87335
-11.87162
-11.87168
-11.87137
-11.90294
-11.86631
-11.87339
-11.87166
-11.87171
-11.87141
-11.90297
-11.86634
-11.87343
-11.8717
-11.87175
-11.87144
-11.90297
-11.86634
-11.87342
-11.87171
-11.87175
-11.90318
-11.86658
-11.87365
-11.87192
-11.87196
-11.87161
-11.87138
-11.90293
-11.8663
-11.87338
-11.87166
-11.8717
-11.87141
-11.90297
-11.86634
-11.87343
-11.8717
-11.87175
-11.87144
-11.90301
-11.86637
-11.87345
-11.87173
-11.87178
-11.87148
-11.90302
-11.86639
-11.87347
-11.87174
-11.87179
-11.87149
-11.90305
-11.86642
-11.8735
-11.87177
-11.87182
-11.87151
-11.90302
-11.8664
-11.87348
-11.87175
-11.8718
-11.90329
-11.86665
-11.87374
-11.87201
-11.87204
-11.87175
-11.90331
-11.86667
-11.87375
-11.87201
-11.87207
-11.87175
-11.90326
-11.86662
-11.87369
-11.87197
-11.87202
-11.87171
-11.90327
-11.86664
-11.87372
-11.87198
-11.87197
-11.87166
-11.87141
-11.87112
-11.90269
-11.86606
-11.87315
-11.87142
-11.87148
-11.87117
-11.90274
-11.86611
-11.8732
-11.87148
-11.87153
-11.87123
-11.90278
-11.86616
-11.87324
-11.87152
-11.87157
-11.87126
-11.90278
-11.86616
-11.87324
-11.87152
-11.87157
-11.90306
-11.86644
-11.87352
-11.87179
-11.87184
-11.87153
-11.90307
-11.86645
-11.87353
-11.8718
-11.87185
-11.87154
-11.9031
-11.86647
-11.87355
-11.87183
-11.87188
-11.87156
-11.90307
-11.86643
-11.87352
-11.87178
-11.87184
-11.87154
-11.90311
-11.86648
-11.87356
-11.87183
-11.87188
-11.90336
-11.86673
-11.87381
-11.87207
-11.87211
-11.87182
-11.90339
-11.86676
